Generaciones realizadas: 200
Generaciones realizadas: 200
Generaciones realizadas: 200
Generaciones realizadas: 200
Generaciones realizadas: 200
Generaciones realizadas: 200
Generaciones realizadas: 200
Generaciones realizadas: 200
Execution Time: 6.29 sec

Solution: 0 1 2 4 7 11 13 16 19 20 21 23 25 26 29 38 41 46 47 49 52 53 58 62 65 66 69 72 76 78 82 86 87 88 89 92 94 95 98 101 104 105 107 108 115 120 122 126 136 138 139 141 142 143 144 148 149 150 153 156 162 163 168 173 176 177 178 179 180 181 183 184 186 190 191 192 196 197 200 202 203 207 208 211 212 215 216 218 221 224 225 228 229 232 234 236 239 242 246 247 250 251 253 254 255 262 264 265 266 269 270 271 272 274 275 276 280 282 283 284 289 290 303 305 306 307 308 309 311 312 315 316 317 319 320 323 324 325 328 331 334 335 337 339 340 341 345 347 348 349 352 354 355 356 357 365 366 369 372 373 376 378 381 383 384 389 391 392 394 396 404 405 406 408 410 413 414 415 417 422 425 426 427 432 433 438 446 450 454 456 460 461 463 464 471 474 475 477 480 481 483 486 488 489 496 497 501 504 505 506 507 509 512 514 515 518 521 525 526 528 530 531 532 533 537 538 540 544 545 546 547 553 556 557 558 559 562 563 567 568 574 576 577 581 582 586 589 592 594 597 598 599 602 604 609 612 614 615 616 618 620 621 622 627 629 630 631 633 634 641 646 648 649 650 656 657 658 660 666 667 669 674 676 681 686 687 690 691 692 693 695 696 702 705 707 709 716 720 722 727 729 731 732 733 737 738 745 748 749 752 753 754 755 757 761 764 767 768 769 770 772 773 776 777 785 787 788 792 794 797 798 801 804 808 809 811 814 817 821 834 835 837 839 843 844 845 847 851 852 859 863 864 865 867 869 872 873 877 878 879 880 881 882 888 892 899 905 906 908 909 916 918 921 925 926 928 931 934 935 939 945 946 948 949 953 956 958 959 962 964 971 973 974 977 978 980 982 985 997 998 
Distance: 4051822.25
