Generaciones realizadas: 200
Generaciones realizadas: 200
Generaciones realizadas: 200
Generaciones realizadas: 200
Generaciones realizadas: 200
Generaciones realizadas: 200
Generaciones realizadas: 200
Generaciones realizadas: 200
Execution Time: 6.28 sec

Solution: 0 1 6 10 11 12 13 14 15 20 22 24 27 29 31 32 33 37 41 43 45 48 52 53 54 58 60 63 65 66 68 73 76 79 82 83 84 87 89 90 96 98 99 102 104 108 112 113 114 115 116 117 118 121 122 125 128 135 136 140 141 148 150 156 157 158 160 162 169 175 176 177 188 189 190 194 195 196 199 204 205 206 211 214 217 218 221 222 225 226 230 234 241 242 245 246 247 248 250 251 252 253 255 256 260 261 264 266 267 269 270 272 276 279 283 284 285 286 287 289 293 295 296 297 298 299 300 304 311 319 322 323 328 332 333 334 335 337 340 341 343 344 347 351 357 358 359 363 367 369 372 376 377 378 380 390 393 394 395 398 400 404 405 406 415 416 421 422 427 429 430 433 435 437 438 440 442 445 446 450 453 456 459 460 462 466 467 475 479 480 484 486 487 488 490 491 495 497 501 503 506 510 514 515 519 520 522 524 525 527 528 530 531 533 534 537 538 542 544 545 547 549 552 554 557 558 562 567 569 572 574 577 581 586 589 592 594 597 598 603 611 617 618 621 622 623 626 627 629 630 636 638 640 643 650 651 652 661 663 668 671 672 673 675 678 679 680 681 682 683 685 693 695 697 698 700 703 704 705 708 710 713 714 715 716 721 722 723 726 729 732 739 742 745 749 750 754 756 758 759 763 766 774 775 778 779 780 781 782 784 786 790 791 792 793 794 795 801 806 807 812 813 814 815 818 819 822 824 825 826 827 837 838 839 840 841 842 846 847 849 851 853 854 855 856 858 859 861 864 865 867 872 873 874 875 880 888 890 894 898 902 903 906 907 909 910 915 916 919 920 921 923 925 926 927 928 930 931 932 933 938 944 946 947 951 952 954 957 958 962 967 968 973 975 978 984 985 987 989 997 
Distance: 4046734.85
