Generaciones realizadas: 200
Generaciones realizadas: 200
Generaciones realizadas: 200
Generaciones realizadas: 200
Generaciones realizadas: 200
Generaciones realizadas: 200
Generaciones realizadas: 200
Generaciones realizadas: 200
Execution Time: 6.36 sec

Solution: 3 5 7 8 13 14 15 17 19 22 24 25 26 27 30 31 36 37 38 42 44 45 46 52 53 55 56 62 64 66 68 69 73 74 75 76 78 80 82 83 86 87 89 90 91 92 95 100 102 103 106 111 116 125 127 128 133 135 137 140 141 142 149 150 155 162 163 165 168 172 174 176 179 182 186 187 189 190 192 194 196 198 201 202 203 204 206 207 211 214 219 222 223 225 226 233 236 237 239 240 242 243 245 251 257 261 264 267 269 272 275 276 277 278 279 280 281 282 287 290 291 292 295 296 301 304 307 312 313 314 317 319 320 322 324 330 331 332 333 334 337 338 339 345 350 352 353 355 357 358 360 361 362 364 367 370 371 373 374 376 379 380 393 394 396 397 399 407 409 411 414 416 417 423 427 428 429 432 433 438 441 451 452 455 456 457 458 459 463 466 468 472 473 474 475 477 478 487 488 489 492 493 494 497 499 501 507 508 510 511 513 516 517 518 523 527 529 532 535 538 541 544 545 547 548 549 550 551 557 558 561 564 565 571 574 580 584 585 592 595 598 601 602 603 604 605 607 608 610 611 612 615 620 621 622 625 629 630 631 632 635 637 638 639 641 644 648 650 651 652 653 655 656 664 667 668 671 672 675 676 678 679 680 682 683 688 691 699 700 705 706 707 708 709 714 715 717 721 722 725 726 727 729 730 732 735 737 739 740 746 747 749 750 753 754 763 766 771 775 776 778 780 782 783 784 785 793 801 802 803 805 807 816 822 826 827 830 836 837 839 843 844 846 848 850 851 852 860 861 864 870 872 875 876 878 880 883 884 885 887 890 891 893 894 896 901 902 904 906 909 911 916 918 921 925 926 929 930 931 932 944 951 955 958 960 962 964 966 969 970 971 974 977 983 988 992 995 996 998 999 
Distance: 4048173.86
