Generaciones realizadas: 200
Generaciones realizadas: 200
Generaciones realizadas: 200
Generaciones realizadas: 200
Generaciones realizadas: 200
Generaciones realizadas: 200
Generaciones realizadas: 200
Generaciones realizadas: 200
Execution Time: 6.53 sec

Solution: 1 2 5 8 13 14 19 21 22 24 26 29 32 36 38 41 43 45 46 48 50 54 55 56 57 63 65 66 67 69 70 71 77 79 82 83 84 86 89 90 91 92 101 108 114 117 118 123 124 128 131 132 133 134 136 139 140 141 142 143 146 147 148 149 154 159 162 164 167 168 169 172 173 174 175 176 177 178 181 184 192 193 194 198 199 202 204 205 206 207 210 214 215 219 221 225 229 231 236 241 242 243 244 245 247 250 251 252 255 265 266 271 275 279 281 282 283 285 286 287 291 292 295 302 304 307 310 314 315 319 324 325 327 328 329 330 332 333 336 337 339 340 347 348 349 351 352 355 356 357 364 366 367 369 376 380 385 386 387 389 391 393 394 400 408 411 414 416 418 422 425 426 427 431 448 450 455 456 457 460 466 468 472 474 475 478 480 482 485 487 489 490 493 494 495 496 498 500 501 502 503 504 506 507 508 509 516 518 522 524 527 528 533 540 541 544 545 549 551 553 554 556 557 559 561 563 567 568 569 570 571 574 577 578 583 585 588 589 590 593 595 599 600 601 602 603 607 608 609 611 613 614 615 616 618 619 620 624 626 630 631 635 637 638 639 642 643 646 648 649 652 654 659 660 667 668 672 673 674 676 678 679 682 683 687 688 696 698 702 704 705 712 713 714 719 720 727 730 731 733 734 739 740 741 742 744 745 746 747 750 753 761 762 770 771 772 775 777 781 782 783 790 794 797 798 799 801 804 805 806 808 811 812 819 820 821 822 823 826 827 828 831 832 834 841 845 847 848 849 850 851 854 856 857 868 882 883 886 887 890 893 895 896 901 905 906 907 909 916 918 920 923 928 931 933 934 935 936 938 941 944 945 947 949 953 958 963 964 967 971 972 975 976 980 985 992 993 997 998 999 
Distance: 4047127.47
