Generaciones realizadas: 200
Generaciones realizadas: 200
Generaciones realizadas: 200
Generaciones realizadas: 200
Generaciones realizadas: 200
Generaciones realizadas: 200
Generaciones realizadas: 200
Generaciones realizadas: 200
Execution Time: 6.37 sec

Solution: 0 1 2 3 6 11 12 13 15 19 20 25 27 29 30 31 34 36 37 46 52 53 54 59 61 62 64 66 67 68 69 71 74 75 76 77 78 80 82 83 85 86 87 89 92 94 95 96 97 98 102 104 108 111 112 117 119 120 121 125 126 128 129 131 132 134 137 138 139 140 141 146 151 153 156 157 162 163 167 169 170 173 174 175 176 177 181 185 187 190 194 196 200 201 202 204 206 212 213 214 215 217 218 220 222 223 230 234 235 239 244 246 247 256 257 261 269 270 272 274 276 277 278 279 281 282 287 291 292 294 296 297 298 299 303 304 305 306 309 310 313 315 318 326 331 333 335 337 339 340 341 343 347 349 352 354 355 358 359 364 366 371 377 380 385 386 387 388 389 390 392 393 396 397 400 403 404 405 407 408 409 413 416 419 424 425 426 427 431 432 433 436 439 444 446 447 448 450 452 453 454 456 460 461 466 475 476 477 482 483 486 489 490 493 496 497 503 506 507 517 518 522 528 529 530 531 532 533 537 538 541 543 546 548 549 553 557 559 560 561 562 564 565 566 571 572 576 577 578 579 580 582 583 585 590 591 599 600 602 605 606 608 611 615 616 618 619 622 626 630 633 637 640 641 642 646 647 654 657 663 664 667 673 674 679 681 692 695 696 700 702 706 707 708 709 713 717 721 722 725 729 730 743 744 745 746 747 750 752 754 758 763 764 765 766 767 769 772 775 776 781 784 789 790 791 798 799 802 803 805 806 811 814 815 820 823 825 829 832 833 838 844 846 855 858 861 866 867 869 876 877 879 881 882 886 889 890 896 898 900 907 908 910 915 917 918 923 925 926 929 932 933 936 937 939 942 945 947 954 956 958 962 963 965 967 968 969 973 975 984 985 986 988 990 992 993 995 996 997 999 
Distance: 4051128.88
