Generaciones realizadas: 200
Generaciones realizadas: 200
Generaciones realizadas: 200
Generaciones realizadas: 200
Generaciones realizadas: 200
Generaciones realizadas: 200
Generaciones realizadas: 200
Generaciones realizadas: 200
Execution Time: 6.29 sec

Solution: 1 4 7 9 12 18 21 22 24 27 29 31 32 33 35 36 38 41 42 43 44 45 55 56 58 59 61 68 69 73 74 75 78 82 83 84 85 87 89 90 91 92 101 104 105 106 107 116 117 118 120 121 130 131 133 134 139 142 143 147 149 150 151 152 155 157 162 164 165 167 176 178 179 180 182 188 195 196 199 200 201 204 206 209 211 216 217 218 219 222 224 230 234 235 236 237 238 239 241 242 246 247 249 250 252 253 255 256 257 258 260 263 264 269 270 271 273 276 277 282 283 284 288 290 297 298 302 306 310 312 317 318 321 325 328 330 331 332 333 334 340 341 343 345 349 355 358 360 361 362 363 364 365 366 368 371 376 378 380 384 385 387 392 393 394 395 398 400 404 406 408 409 411 414 420 421 427 428 433 436 437 438 442 448 451 453 466 468 471 473 474 476 479 481 482 483 486 487 490 491 493 494 496 509 510 512 514 515 518 520 521 524 527 528 532 535 536 538 539 540 544 549 550 557 558 560 561 566 567 569 570 575 578 582 583 585 587 591 593 594 596 600 602 604 607 609 611 612 616 618 619 620 621 624 625 626 630 632 637 646 651 655 658 659 660 661 663 664 666 668 671 672 675 678 679 682 683 688 690 694 700 702 703 704 706 710 717 720 721 726 727 729 732 736 738 739 741 744 745 748 749 752 754 755 756 758 759 760 764 765 770 772 776 777 778 779 785 789 791 797 799 800 809 810 813 815 818 820 825 828 829 838 839 843 844 845 846 848 852 856 858 860 863 864 867 869 871 874 875 876 878 880 882 883 885 887 890 891 894 895 897 898 901 902 903 905 908 909 910 911 912 914 918 919 923 926 932 936 937 942 944 947 950 957 960 962 965 966 967 970 972 974 978 981 985 994 995 996 998 999 
Distance: 4046260.90
