Generaciones realizadas: 200
Generaciones realizadas: 200
Generaciones realizadas: 200
Generaciones realizadas: 200
Generaciones realizadas: 200
Generaciones realizadas: 200
Generaciones realizadas: 200
Generaciones realizadas: 200
Execution Time: 6.28 sec

Solution: 0 5 10 13 18 19 21 24 25 27 38 41 45 46 50 51 53 54 56 57 61 62 64 66 67 72 73 78 82 84 87 88 90 91 94 95 96 98 101 102 105 108 110 112 113 114 117 124 125 132 133 136 137 141 146 149 151 153 155 156 163 171 172 173 174 175 181 183 184 185 187 192 193 194 195 196 199 200 201 202 204 205 206 210 212 221 222 225 227 230 237 238 242 243 244 245 247 249 253 255 258 260 261 265 266 267 270 272 273 277 281 283 287 288 291 296 300 301 308 314 315 316 317 322 327 330 331 337 341 342 343 347 348 349 353 358 359 361 362 367 368 369 370 376 381 385 388 394 395 396 397 402 403 408 409 418 419 427 428 429 431 437 441 442 444 447 448 450 452 453 456 458 459 461 462 463 466 470 475 476 479 481 485 487 488 489 490 492 494 495 498 499 500 503 504 507 509 510 515 516 528 530 532 533 534 536 537 538 540 541 543 549 550 552 554 556 558 564 565 568 570 571 582 583 590 591 593 594 602 604 606 607 608 609 614 615 619 620 622 624 625 626 628 631 633 635 636 637 639 644 646 647 648 650 651 652 654 655 660 663 667 668 669 673 674 680 682 688 691 695 696 700 701 702 704 715 716 721 722 725 727 729 730 731 732 742 744 747 749 754 759 760 761 763 764 769 773 777 783 785 787 788 790 791 793 794 795 796 801 803 804 805 807 809 810 811 814 815 816 817 819 821 825 826 829 830 831 832 833 835 843 845 846 848 852 853 854 856 857 865 875 876 878 880 882 885 886 887 889 891 893 895 896 898 900 901 902 903 904 908 910 913 915 916 917 918 921 923 925 926 928 929 933 934 935 936 937 938 941 942 944 946 949 951 954 955 956 966 969 970 971 973 977 982 983 984 989 991 995 999 
Distance: 4050249.43
