Generaciones realizadas: 200
Generaciones realizadas: 200
Generaciones realizadas: 200
Generaciones realizadas: 200
Generaciones realizadas: 200
Generaciones realizadas: 200
Generaciones realizadas: 200
Execution Time: 6.20 sec

Solution: 0 2 4 5 7 10 13 17 20 21 23 24 26 28 29 32 34 36 37 38 40 41 43 45 50 54 55 56 58 60 61 63 65 73 76 78 82 86 91 92 94 99 101 102 103 105 107 108 109 112 113 117 118 119 121 122 123 134 136 138 139 142 148 150 160 163 165 166 168 173 174 175 176 179 182 186 192 194 198 200 201 202 203 204 206 211 213 215 224 226 228 229 230 233 237 238 239 240 243 247 248 249 250 251 253 255 257 261 263 264 267 268 269 276 277 278 287 289 291 292 293 296 297 298 299 300 308 309 312 313 317 319 327 333 337 338 340 341 348 351 353 355 357 358 359 361 363 371 372 373 374 379 380 381 383 384 392 401 402 403 405 406 407 409 410 411 415 417 418 425 426 427 428 432 433 437 438 439 445 446 453 454 460 462 463 465 468 470 472 478 484 486 493 494 496 500 501 504 506 508 514 519 521 523 527 529 531 533 534 536 541 545 546 547 550 556 557 558 559 561 565 568 569 570 571 572 574 575 578 580 583 587 588 589 594 596 599 601 603 605 608 610 613 614 618 622 623 625 626 628 629 635 637 641 646 647 649 654 656 657 658 659 661 662 666 667 669 672 673 674 676 678 679 681 683 688 692 693 696 699 700 701 703 704 706 712 713 719 720 722 725 729 732 736 745 749 751 756 763 764 765 767 769 772 773 775 777 779 782 783 786 787 788 791 792 796 798 800 802 805 806 807 809 810 811 812 813 817 818 822 824 825 828 829 832 834 835 837 838 840 842 843 848 849 851 852 857 860 863 868 869 872 874 877 880 882 883 885 886 887 888 889 891 895 896 898 901 902 906 909 911 912 913 914 916 918 920 921 923 925 926 927 930 932 935 939 940 942 944 945 953 955 956 958 960 962 977 981 985 989 
Distance: 4049569.08
Generaciones realizadas: 200
