Generaciones realizadas: 200
Generaciones realizadas: 200
Generaciones realizadas: 200
Generaciones realizadas: 200
Generaciones realizadas: 200
Generaciones realizadas: 200
Generaciones realizadas: 200
Generaciones realizadas: 200
Execution Time: 6.01 sec

Solution: 5 13 14 18 19 22 24 25 31 35 38 40 42 43 44 45 46 51 52 57 58 59 61 64 66 68 71 72 73 75 76 82 85 87 88 89 90 91 94 95 99 100 106 107 108 114 119 121 122 126 129 130 132 138 139 149 152 153 154 156 159 160 161 164 169 175 176 177 178 179 181 183 185 190 192 194 195 196 198 200 206 207 209 210 211 214 217 219 223 227 230 233 238 239 240 241 242 245 248 249 251 252 253 257 261 262 264 265 267 268 270 272 273 274 276 277 279 281 283 284 288 289 291 295 300 301 302 304 306 307 308 311 314 317 321 322 323 325 328 329 331 333 334 337 340 341 342 347 357 364 368 369 370 372 373 378 380 383 387 389 392 394 395 396 398 402 404 410 417 422 425 427 428 429 431 433 434 436 437 439 442 443 452 453 454 455 456 457 458 460 463 466 473 475 476 477 478 479 488 490 496 497 499 501 504 507 508 509 510 511 516 518 519 520 521 523 525 526 527 528 529 530 532 533 534 537 540 542 543 544 545 551 552 553 558 559 562 569 571 572 574 575 578 582 586 591 595 598 600 603 604 605 608 618 619 621 622 623 625 626 627 632 634 640 642 645 654 656 659 660 661 668 669 671 675 678 681 682 683 685 687 694 696 698 704 706 708 712 713 720 726 727 729 731 736 740 741 742 743 745 747 748 751 755 756 759 761 763 765 766 767 769 773 775 778 782 783 785 787 788 791 794 798 804 806 808 810 811 815 819 822 824 825 828 832 834 838 841 849 851 855 856 861 862 863 868 873 874 876 879 881 884 885 886 887 890 892 893 895 896 897 899 901 902 903 904 907 908 909 910 915 917 918 922 925 929 932 934 937 941 947 949 959 961 963 966 968 970 972 974 975 976 977 980 982 983 984 986 990 995 
Distance: 4047977.38
