Generaciones realizadas: 200
Generaciones realizadas: 200
Generaciones realizadas: 200
Generaciones realizadas: 200
Generaciones realizadas: 200
Generaciones realizadas: 200
Generaciones realizadas: 200
Generaciones realizadas: 200
Execution Time: 6.45 sec

Solution: 0 1 2 3 4 9 12 13 19 21 24 25 26 29 30 37 40 41 43 46 47 51 53 55 56 63 64 66 67 68 69 70 71 73 74 75 82 83 85 91 95 97 101 103 104 106 107 109 110 111 112 113 117 118 120 126 132 133 136 139 141 142 144 149 150 151 152 153 155 156 163 165 169 172 175 176 177 178 179 181 188 189 190 191 193 194 196 197 199 202 204 208 209 210 211 212 215 216 217 219 221 222 229 230 231 232 233 234 238 241 243 244 245 247 251 252 255 261 264 266 269 273 274 277 279 281 285 286 289 293 294 295 300 301 303 306 307 310 315 318 319 323 324 326 327 333 334 336 341 343 346 347 352 355 361 366 367 368 369 375 380 381 383 387 388 390 393 394 399 400 403 408 410 412 414 415 417 418 419 421 423 426 428 434 435 437 442 446 448 452 453 454 456 457 458 464 465 466 467 468 473 477 479 483 484 486 489 495 498 499 503 504 506 509 512 513 514 518 519 520 522 525 526 530 533 536 537 538 540 544 546 550 557 563 567 570 571 574 583 586 592 594 599 600 602 603 607 608 610 611 612 614 616 623 629 634 636 639 647 648 655 656 658 660 661 664 669 672 674 675 677 679 683 687 688 689 695 698 699 700 702 704 705 706 707 709 714 716 718 720 721 722 725 726 728 729 730 736 739 741 745 746 749 751 753 754 758 760 761 766 770 774 775 777 778 781 782 784 788 789 791 798 800 804 805 807 811 813 817 818 824 826 830 831 833 834 837 841 843 844 845 846 847 849 850 852 853 855 856 857 861 862 864 865 866 872 875 884 889 891 895 904 906 907 908 915 918 919 920 925 927 928 929 931 934 935 939 944 947 949 952 953 955 956 959 960 962 963 964 968 971 973 975 983 988 991 993 994 995 998 
Distance: 4049636.79
