Generaciones realizadas: 200
Generaciones realizadas: 200
Generaciones realizadas: 200
Generaciones realizadas: 200
Generaciones realizadas: 200
Generaciones realizadas: 200
Generaciones realizadas: 200
Generaciones realizadas: 200
Execution Time: 6.44 sec

Solution: 2 3 5 18 19 21 22 23 24 25 30 33 38 41 42 43 44 46 48 49 50 52 55 59 61 62 64 68 71 73 74 75 76 78 79 80 82 83 84 88 89 90 93 95 96 102 103 106 110 113 118 121 124 125 127 128 131 132 135 136 138 141 145 147 150 156 160 161 162 165 168 171 174 175 176 177 187 190 193 197 199 200 203 204 205 211 221 222 223 224 227 229 230 234 235 236 239 242 243 244 245 246 252 256 260 263 264 266 268 274 277 278 286 289 291 292 296 298 300 301 304 306 307 309 310 313 314 315 316 319 322 324 327 330 333 334 335 336 337 338 339 340 341 345 346 358 363 364 366 370 371 378 379 383 392 394 395 396 399 400 401 402 405 408 409 410 412 415 420 427 435 436 438 440 441 442 447 449 452 454 455 456 457 473 475 476 480 482 483 486 487 490 493 494 497 500 502 506 510 512 513 514 517 518 530 531 532 533 537 538 539 544 546 552 554 555 559 560 563 564 565 566 571 574 576 581 583 585 590 592 595 596 597 599 600 601 602 603 605 608 609 613 616 618 619 620 622 624 628 629 635 638 641 642 643 646 651 652 660 661 664 668 669 670 671 674 678 682 687 688 690 691 698 699 700 702 704 705 708 709 710 712 713 715 716 720 721 722 723 725 726 727 728 732 734 735 736 742 745 746 747 749 751 752 754 755 759 761 764 766 770 772 773 776 777 778 779 780 785 787 788 789 792 795 798 802 803 804 806 807 816 818 819 820 821 828 830 832 837 840 841 842 844 846 847 849 850 856 858 859 870 875 881 882 883 888 891 893 894 895 898 904 905 909 912 914 916 919 923 926 927 928 934 935 937 938 940 941 942 946 947 951 954 956 961 964 968 974 975 976 982 984 985 986 989 992 993 994 995 997 
Distance: 4049166.05
