Generaciones realizadas: 200
Generaciones realizadas: 200
Generaciones realizadas: 200
Generaciones realizadas: 200
Generaciones realizadas: 200
Generaciones realizadas: 200
Generaciones realizadas: 200
Generaciones realizadas: 200
Execution Time: 6.45 sec

Solution: 4 5 7 11 13 17 22 24 26 27 29 34 35 36 39 43 45 51 52 55 56 60 61 63 64 75 76 82 83 86 87 89 91 92 93 95 100 102 104 106 109 110 112 114 115 118 121 122 128 131 132 133 141 143 148 150 153 154 157 158 163 165 172 174 175 176 177 181 182 186 189 191 193 198 199 200 201 202 204 205 206 211 216 220 221 224 229 230 231 232 234 235 236 240 241 242 243 245 247 248 250 253 254 255 258 263 264 269 272 274 276 277 281 282 283 285 288 290 291 292 298 300 303 304 306 307 310 312 313 318 319 325 328 331 333 334 335 336 338 339 340 341 344 345 347 348 352 355 356 362 363 364 368 372 376 379 384 385 391 392 395 396 397 400 402 404 408 410 417 419 421 427 428 429 433 436 437 441 454 455 460 463 465 467 468 470 471 472 474 477 483 486 487 488 492 493 495 501 503 504 506 512 514 515 517 518 520 523 526 527 528 531 533 535 536 540 543 544 545 547 548 551 552 557 570 571 574 577 578 581 583 584 586 587 588 591 592 593 594 597 604 605 606 609 611 614 618 621 622 626 628 629 631 635 640 641 642 644 646 647 648 651 655 658 664 671 674 675 678 679 680 682 683 686 688 694 697 699 700 701 706 707 709 711 713 717 719 723 724 727 728 729 730 739 740 741 742 744 751 752 753 755 764 776 781 782 783 785 787 788 790 793 794 795 804 805 806 811 812 814 816 818 819 820 821 822 825 826 827 829 837 838 839 840 841 844 846 847 848 851 854 858 861 865 868 869 871 873 874 875 876 881 882 883 887 894 897 898 899 902 910 913 915 922 927 928 929 930 931 932 933 934 935 938 939 942 946 953 955 956 957 958 959 960 970 975 976 980 981 982 983 984 985 986 988 989 991 992 996 997 
Distance: 4054097.86
