Generaciones realizadas: 200
Generaciones realizadas: 200
Generaciones realizadas: 200
Generaciones realizadas: 200
Generaciones realizadas: 200
Generaciones realizadas: 200
Generaciones realizadas: 200
Generaciones realizadas: 200
Execution Time: 6.20 sec

Solution: 1 4 7 10 12 17 19 21 24 27 32 33 36 37 41 46 47 48 58 59 65 66 67 68 72 73 77 79 84 87 89 96 98 101 102 103 105 106 107 108 109 110 117 118 121 123 127 130 131 135 136 139 142 148 155 157 159 162 163 164 168 174 176 177 179 182 187 190 194 198 206 214 216 218 222 223 225 226 227 228 230 234 239 243 245 250 251 253 256 258 260 262 265 267 271 272 280 281 282 283 284 286 287 288 291 296 297 298 301 303 304 305 308 309 310 311 312 315 319 324 326 327 331 334 335 338 339 340 341 345 347 356 360 362 363 366 368 369 372 379 383 386 391 392 393 394 398 399 401 402 406 408 411 412 413 414 420 424 426 431 433 439 447 448 450 453 454 456 457 460 466 468 469 471 472 475 476 481 484 485 486 490 493 494 496 497 498 500 501 502 504 505 507 511 512 515 519 520 522 523 524 526 528 535 536 538 540 543 544 545 549 550 551 552 553 554 556 557 558 563 564 566 567 568 571 572 573 574 577 578 582 585 586 587 588 592 594 595 598 600 601 602 604 605 607 608 611 615 619 620 622 623 625 626 631 636 638 644 647 650 655 656 657 658 661 663 664 665 667 670 673 675 679 682 683 687 690 692 693 694 695 696 705 707 710 712 713 714 717 719 720 722 724 727 728 729 730 733 743 744 745 748 749 750 751 753 754 757 761 764 767 774 777 782 783 785 786 791 793 794 797 798 799 800 801 813 814 815 817 822 825 829 832 835 840 849 851 853 854 856 862 864 866 869 870 871 872 876 878 883 886 887 890 891 892 900 901 902 907 910 911 912 915 917 919 921 922 923 924 925 928 930 932 933 934 935 942 945 948 954 955 957 958 959 960 961 962 963 967 969 970 971 978 979 982 986 988 991 995 997 
Distance: 4051335.24
