Generaciones realizadas: 200
Generaciones realizadas: 200
Generaciones realizadas: 200
Generaciones realizadas: 200
Generaciones realizadas: 200
Generaciones realizadas: 200
Generaciones realizadas: 200
Generaciones realizadas: 200
Execution Time: 6.45 sec

Solution: 5 7 11 13 20 22 23 25 26 27 28 30 31 33 34 36 37 38 42 43 49 51 52 55 56 61 63 65 67 73 74 75 76 77 81 82 83 85 88 95 96 99 101 103 104 106 118 120 121 123 127 132 135 138 141 144 148 149 152 154 157 159 163 168 173 174 175 176 177 179 181 184 186 189 190 191 192 194 198 199 202 205 210 214 216 219 222 223 227 235 243 244 245 246 249 250 253 254 255 256 257 261 264 268 270 271 274 276 277 278 281 282 286 288 297 299 300 304 309 311 312 313 317 323 324 327 328 329 333 334 335 336 337 338 339 340 341 347 348 355 358 361 362 363 366 367 368 370 372 373 376 378 383 387 389 391 393 395 397 399 400 402 404 405 408 409 414 415 419 422 424 425 426 431 432 436 438 442 450 453 454 455 456 460 462 475 476 477 479 483 486 488 490 491 494 495 499 501 507 509 510 512 513 514 518 521 522 526 527 529 530 531 532 534 535 537 540 541 549 552 555 558 560 562 563 564 566 569 572 576 577 578 579 580 581 582 589 591 593 595 598 600 604 605 613 626 627 628 635 639 640 641 642 643 644 647 650 652 656 658 664 665 670 672 673 675 676 681 685 687 693 695 697 699 700 701 702 703 709 712 713 717 719 720 724 725 727 731 732 733 739 743 744 745 748 751 752 753 755 757 764 768 770 771 772 774 775 778 780 781 782 783 786 788 791 792 796 800 801 802 807 808 809 810 814 816 817 821 822 824 825 828 830 831 832 833 834 838 839 840 843 844 846 847 848 851 855 858 860 864 865 866 876 878 879 883 885 889 890 892 893 894 897 898 901 907 908 910 916 918 919 920 921 935 936 938 941 943 944 951 956 958 960 961 962 963 969 971 973 974 977 978 982 983 984 986 988 997 998 999 
Distance: 4048681.38
