Generaciones realizadas: 200
Generaciones realizadas: 200
Generaciones realizadas: 200
Generaciones realizadas: 200
Generaciones realizadas: 200
Generaciones realizadas: 200
Generaciones realizadas: 200
Generaciones realizadas: 200
Execution Time: 6.53 sec

Solution: 0 1 4 7 10 11 13 14 19 26 28 29 31 33 34 37 39 41 43 46 47 51 60 61 62 64 65 66 67 68 71 73 75 76 77 78 80 82 83 89 94 95 99 104 105 106 109 116 119 125 126 127 132 133 135 136 141 145 147 152 156 162 164 174 178 181 182 183 184 185 187 188 190 196 201 206 207 210 211 213 214 216 220 222 225 227 229 230 232 234 237 239 240 242 243 244 246 250 251 255 256 260 261 263 266 269 270 276 277 280 282 288 290 292 293 295 296 298 299 300 301 305 307 311 312 313 315 316 319 320 322 324 326 327 330 332 334 337 338 339 341 343 345 349 351 357 359 361 362 365 366 367 369 370 373 374 376 377 387 392 394 399 401 405 411 415 417 421 423 426 427 428 431 433 436 439 448 450 452 453 456 463 464 465 472 473 474 476 477 479 483 484 486 487 488 489 490 494 497 499 501 504 505 507 509 511 513 515 517 521 522 523 527 528 530 531 532 536 539 540 543 544 545 546 549 551 553 557 558 561 562 563 566 568 572 574 582 586 587 588 591 592 593 594 598 600 603 609 612 618 619 620 622 623 628 631 637 647 652 653 655 663 667 670 672 673 677 679 680 681 682 685 688 693 695 696 700 702 708 713 714 715 717 718 720 722 723 724 725 726 727 728 729 730 734 735 736 738 739 742 748 749 751 753 757 759 760 767 773 775 778 782 784 788 792 793 798 800 801 802 803 804 805 807 808 810 811 815 816 818 821 822 831 838 839 840 841 842 843 844 846 849 851 852 854 858 861 863 867 868 869 875 877 879 881 883 885 886 889 890 896 897 900 901 903 907 910 918 920 921 923 925 926 931 933 934 935 936 937 938 939 944 947 952 959 960 969 970 971 973 974 978 979 981 985 987 988 991 992 999 
Distance: 4047887.77
