Generaciones realizadas: 200
Generaciones realizadas: 200
Generaciones realizadas: 200
Generaciones realizadas: 200
Generaciones realizadas: 200
Generaciones realizadas: 200
Generaciones realizadas: 200
Generaciones realizadas: 200
Execution Time: 6.29 sec

Solution: 1 3 7 9 15 19 24 25 26 27 33 36 37 39 40 41 43 48 49 53 58 59 61 68 72 73 77 78 80 82 84 86 87 88 92 94 101 105 107 117 118 120 122 125 127 128 129 131 132 133 137 138 139 140 142 148 153 159 160 161 164 167 169 170 171 173 175 176 180 181 183 184 185 186 187 189 193 196 197 206 208 210 211 213 218 219 221 222 224 227 229 230 232 233 235 238 239 241 246 250 253 254 255 257 258 261 263 266 268 269 270 271 272 275 277 278 279 280 282 284 290 292 294 299 303 304 306 307 310 323 325 326 327 328 329 336 337 338 341 343 344 346 351 355 356 360 361 362 363 364 367 368 370 374 381 383 390 391 395 404 406 408 416 422 423 427 428 429 432 433 436 441 448 450 452 455 456 457 460 461 466 475 477 484 486 487 488 489 490 491 493 497 499 502 506 508 516 517 518 519 521 522 525 526 527 528 530 531 534 538 543 545 546 548 551 552 553 554 555 557 560 563 564 565 566 570 574 577 578 579 580 581 582 583 584 586 587 591 592 600 602 604 605 606 608 611 619 621 622 626 629 630 631 633 634 636 638 640 643 646 648 650 651 653 654 655 658 660 661 665 666 670 672 675 678 679 681 684 687 697 698 699 700 709 710 716 719 723 727 728 733 734 736 737 741 742 744 745 746 749 752 753 754 765 771 774 775 777 778 779 783 785 787 791 792 799 800 802 803 804 805 806 809 815 816 822 827 829 833 834 844 846 847 849 850 851 858 863 866 868 869 875 876 878 880 881 882 884 887 889 891 894 898 901 904 905 906 911 913 914 915 916 917 918 919 923 926 929 930 931 932 934 935 939 941 944 945 946 948 952 954 956 958 960 961 962 965 966 969 971 972 974 976 977 979 983 986 995 998 999 
Distance: 4050882.92
