Generaciones realizadas: 200
Generaciones realizadas: 200
Generaciones realizadas: 200
Generaciones realizadas: 200
Generaciones realizadas: 200
Generaciones realizadas: 200
Generaciones realizadas: 200
Generaciones realizadas: 200
Execution Time: 5.78 sec

Solution: 0 1 6 7 13 17 19 20 21 22 24 27 29 30 38 40 41 42 44 46 48 55 56 61 64 65 68 69 71 73 76 81 84 88 94 97 98 101 102 106 109 111 112 113 114 118 122 125 135 140 141 145 148 149 150 151 152 154 155 156 158 159 162 165 168 170 171 174 175 179 180 181 186 187 194 196 199 200 206 207 211 213 214 216 218 222 227 229 234 236 239 243 244 249 250 251 255 257 258 259 261 263 265 267 268 269 270 274 275 276 278 279 283 284 289 290 294 297 307 310 312 313 315 322 323 326 327 329 335 336 338 341 342 344 346 348 351 356 358 360 363 366 367 369 375 380 389 391 393 394 396 402 404 408 410 411 415 417 418 419 421 425 427 428 433 436 442 443 446 452 453 460 462 467 469 471 474 475 476 479 480 484 485 486 487 491 493 495 501 503 507 509 510 516 517 518 521 522 523 527 530 533 535 537 540 541 542 543 545 546 547 549 550 552 557 558 559 560 561 564 565 572 573 577 578 581 582 583 589 591 592 594 595 596 597 600 606 609 611 615 616 620 622 628 632 633 634 635 641 644 650 653 656 658 660 661 663 665 667 670 675 679 682 684 685 692 693 694 695 696 699 703 704 705 710 711 712 717 719 725 727 728 730 731 735 736 739 742 745 747 748 750 752 753 754 758 762 766 770 771 772 773 774 778 779 781 783 785 786 791 792 798 799 800 803 806 807 809 810 811 815 818 821 823 825 826 830 835 839 840 842 844 846 847 848 850 851 853 857 858 860 865 867 868 869 872 875 876 877 878 879 883 887 888 890 892 893 894 896 902 905 907 908 909 911 914 915 918 925 932 933 935 938 939 943 945 947 948 953 956 958 959 961 964 966 969 971 972 975 976 979 980 981 983 985 986 988 992 995 996 
Distance: 4050733.79
