Generaciones realizadas: 200
Generaciones realizadas: 200
Generaciones realizadas: 200
Generaciones realizadas: 200
Generaciones realizadas: 200
Generaciones realizadas: 200
Generaciones realizadas: 200
Generaciones realizadas: 200
Execution Time: 5.89 sec

Solution: 0 2 5 8 13 14 16 17 18 21 25 33 34 38 42 44 45 46 52 53 54 56 61 65 66 67 68 70 72 75 76 82 83 85 86 88 89 91 92 96 98 99 110 114 118 122 125 128 133 134 136 138 139 141 142 144 148 149 152 154 157 158 159 162 163 164 169 172 174 176 179 180 181 182 190 191 193 198 201 205 206 208 215 216 217 218 221 222 223 224 235 236 241 248 251 255 269 271 275 276 282 283 284 285 286 292 293 294 297 302 305 306 307 310 311 312 316 323 324 327 329 335 337 339 341 343 344 348 350 351 353 354 363 368 369 373 378 379 380 381 383 392 393 394 400 402 403 404 406 407 409 410 411 412 415 417 419 421 422 423 425 426 428 435 439 442 443 445 446 450 456 457 459 462 465 467 470 472 477 483 484 486 487 490 492 493 494 497 499 500 503 504 505 506 509 512 516 517 522 523 525 526 528 529 530 531 532 535 537 538 540 544 545 546 549 554 555 556 557 558 559 560 563 566 567 569 570 575 578 580 582 585 591 592 596 597 598 600 604 606 608 614 618 620 623 625 633 635 638 640 642 645 647 649 651 654 656 657 661 662 663 665 666 674 675 676 677 678 680 681 684 685 687 692 695 697 698 701 702 704 706 708 713 716 717 720 722 724 726 730 737 739 742 749 750 751 757 759 761 762 766 768 771 772 773 774 775 778 779 781 783 784 787 791 794 796 797 798 800 802 804 808 816 820 825 827 840 842 846 848 854 856 857 858 859 860 861 864 865 866 868 869 871 873 875 876 881 883 886 890 892 893 896 897 900 901 902 903 911 914 916 918 919 921 923 928 934 935 936 937 938 944 945 946 948 950 954 955 956 959 960 964 965 969 973 975 976 979 980 983 986 987 988 991 992 995 996 997 998 999 
Distance: 4050098.23
