Generaciones realizadas: 200
Generaciones realizadas: 200
Generaciones realizadas: 200
Generaciones realizadas: 200
Generaciones realizadas: 200
Generaciones realizadas: 200
Generaciones realizadas: 200
Generaciones realizadas: 200
Execution Time: 6.20 sec

Solution: 2 4 9 12 16 19 23 28 29 34 35 36 39 43 46 48 49 50 51 52 54 55 56 57 58 60 61 63 64 66 67 68 71 73 77 80 83 84 87 90 91 93 94 96 97 98 101 102 103 104 106 107 108 109 110 113 114 115 116 117 118 119 122 123 132 135 136 141 149 154 155 161 162 172 179 180 181 183 185 186 190 198 199 200 201 204 205 206 210 211 212 213 215 221 223 224 225 226 227 228 231 233 236 238 239 249 260 263 264 266 268 270 275 277 279 281 282 288 289 292 293 296 300 302 303 308 309 311 312 315 319 322 325 326 332 334 335 337 339 341 342 345 347 348 349 354 359 362 364 372 373 376 377 379 383 384 386 387 389 393 395 396 397 400 401 402 403 407 408 409 411 412 415 417 418 419 420 421 422 423 424 427 428 429 432 433 434 435 436 438 450 451 452 457 459 460 462 463 466 469 471 472 474 476 477 480 481 482 484 486 487 493 496 497 498 501 506 507 509 511 512 514 520 523 529 530 532 535 536 537 540 544 545 550 552 555 558 564 570 571 572 574 578 583 586 589 590 597 599 602 608 612 620 627 631 632 635 637 638 642 644 646 651 653 654 655 658 664 665 666 667 671 673 677 678 679 680 683 685 687 688 692 693 694 695 699 700 701 702 703 706 709 717 719 720 722 725 727 737 743 744 745 746 747 748 754 757 762 765 766 773 778 779 785 787 788 789 790 793 801 802 803 804 807 808 809 818 832 835 839 840 841 843 844 848 850 851 854 856 860 861 862 864 865 869 872 873 875 879 880 881 883 884 885 893 895 898 901 902 908 909 914 915 917 918 920 922 923 926 932 936 941 942 943 944 947 950 953 954 955 956 957 959 960 965 967 970 973 975 978 981 983 986 987 988 993 995 996 997 999 
Distance: 4046924.08
