Generaciones realizadas: 200
Generaciones realizadas: 200
Generaciones realizadas: 200
Generaciones realizadas: 200
Generaciones realizadas: 200
Generaciones realizadas: 200
Generaciones realizadas: 200
Generaciones realizadas: 200
Execution Time: 5.95 sec

Solution: 4 7 13 20 21 22 27 30 33 36 38 40 45 49 51 53 54 55 57 59 62 63 64 69 71 73 75 76 85 88 89 91 95 98 103 104 106 115 118 128 129 132 133 135 140 142 143 146 149 151 156 159 161 162 163 168 175 176 179 183 185 186 187 188 190 191 192 196 197 200 204 205 207 211 215 219 220 221 222 226 227 228 230 231 236 238 242 244 248 251 257 259 261 263 265 268 270 271 277 279 282 283 284 285 288 293 294 295 297 301 303 307 308 309 313 314 316 317 321 322 324 333 336 340 341 344 347 350 351 353 355 367 369 374 377 378 379 383 387 388 390 391 392 396 397 398 399 401 402 404 407 409 410 416 418 419 421 424 427 428 435 439 441 444 445 447 452 453 454 459 460 462 472 474 475 476 483 484 486 487 489 490 493 494 495 496 497 499 501 503 510 513 514 516 518 526 527 528 532 536 537 538 539 541 545 546 547 548 549 550 551 553 554 555 556 557 558 560 568 569 570 573 574 575 576 581 582 583 586 591 592 594 596 597 598 600 601 603 605 609 612 615 616 618 619 620 621 622 627 631 635 638 639 643 644 645 648 650 654 655 656 661 662 665 667 668 670 671 673 674 679 686 687 688 692 693 695 696 699 700 702 703 704 705 706 708 710 712 713 719 720 723 724 725 730 731 735 737 740 741 744 746 749 750 751 755 758 762 763 766 771 772 773 777 778 779 789 792 794 801 802 809 810 812 815 818 819 821 822 832 837 840 841 842 845 846 847 849 850 852 854 855 856 863 865 868 870 872 873 875 876 877 878 880 883 890 894 895 896 898 899 901 902 904 905 909 916 920 921 925 931 935 937 938 945 946 949 952 953 958 959 960 961 963 965 966 968 971 974 975 976 977 979 980 985 987 988 991 994 996 
Distance: 4050683.16
