Generaciones realizadas: 200
Generaciones realizadas: 200
Generaciones realizadas: 200
Generaciones realizadas: 200
Generaciones realizadas: 200
Generaciones realizadas: 200
Generaciones realizadas: 200
Generaciones realizadas: 200
Execution Time: 6.25 sec

Solution: 0 5 11 12 18 19 20 23 25 26 29 36 37 40 41 42 43 44 46 47 49 53 54 55 56 59 61 62 67 70 75 78 80 82 85 87 90 94 97 99 102 104 107 110 115 116 118 120 123 124 125 132 133 134 136 138 139 140 141 144 148 149 155 159 160 162 168 171 172 174 175 181 185 186 190 191 196 197 200 204 206 207 209 214 220 222 224 225 226 230 234 238 239 240 241 244 245 247 251 252 253 255 261 262 263 267 271 273 274 275 279 284 285 287 291 293 299 305 306 308 309 310 311 312 314 315 319 321 322 323 326 327 331 334 336 338 339 340 341 343 344 348 349 352 353 354 359 360 362 363 367 373 377 382 387 388 389 391 393 394 399 400 402 408 409 411 413 414 415 417 419 422 423 427 430 433 434 436 438 441 445 446 447 449 454 457 460 464 465 472 476 481 482 484 485 486 487 488 490 498 503 504 506 509 510 511 516 518 519 521 530 531 532 536 538 542 545 547 551 555 558 562 564 566 568 569 570 571 572 573 574 578 579 580 583 587 591 594 596 599 601 602 603 604 606 607 611 616 619 621 629 633 635 639 641 642 647 649 657 661 664 666 667 671 676 678 680 682 683 685 688 690 691 695 696 699 700 701 704 707 710 713 716 720 723 726 727 729 731 733 734 736 739 744 747 748 750 761 763 764 766 770 772 774 779 784 786 794 796 797 798 799 800 802 804 806 810 811 812 816 819 825 826 827 831 832 834 835 841 842 845 847 848 851 852 853 855 858 862 865 866 867 869 872 873 874 876 877 878 879 880 883 884 886 891 892 896 897 900 901 902 906 909 914 917 918 919 921 929 930 931 932 934 936 938 940 942 944 950 951 952 955 959 961 962 963 969 972 974 975 976 980 981 983 986 987 990 993 998 999 
Distance: 4043839.21
