Generaciones realizadas: 200
Generaciones realizadas: 200
Generaciones realizadas: 200
Generaciones realizadas: 200
Generaciones realizadas: 200
Generaciones realizadas: 200
Generaciones realizadas: 200
Generaciones realizadas: 200
Execution Time: 6.23 sec

Solution: 1 9 12 15 16 18 19 23 26 27 29 31 32 33 36 40 42 44 46 47 52 53 57 61 62 63 64 66 69 72 73 76 81 83 86 87 88 89 90 91 101 107 108 113 116 117 121 122 127 130 131 132 133 136 139 141 142 143 145 148 149 151 154 156 157 160 161 163 164 165 166 168 172 178 179 181 183 184 185 187 190 191 193 194 201 204 206 210 211 215 218 220 225 226 233 234 236 237 240 243 245 246 247 250 251 253 257 260 265 266 268 269 277 279 281 285 290 291 292 294 297 302 307 308 311 313 316 317 320 322 324 327 330 334 336 337 339 341 342 345 347 350 352 357 358 361 363 366 367 369 371 376 377 378 380 381 386 389 390 393 395 400 401 405 406 407 408 412 414 417 422 423 427 434 435 444 446 447 452 453 454 457 463 465 466 467 471 473 474 476 478 479 483 484 486 488 490 492 493 494 497 503 508 509 510 512 513 516 518 519 521 523 530 534 535 537 541 543 544 545 546 550 551 552 553 557 565 568 574 578 583 585 587 590 594 596 597 605 606 607 610 612 614 615 618 619 620 622 623 630 636 637 638 639 643 644 648 649 653 654 658 660 663 666 668 670 673 675 677 678 679 683 685 687 693 696 697 701 706 707 708 714 716 717 720 722 725 727 730 731 732 735 739 740 742 744 746 749 750 752 754 755 757 758 760 761 762 764 768 769 773 774 775 777 781 782 783 784 785 786 790 791 792 793 802 808 809 810 815 816 817 818 825 826 827 830 834 835 843 844 847 848 852 853 856 860 861 862 863 865 867 868 869 875 879 880 881 884 886 888 890 894 896 900 901 903 904 905 907 910 917 918 922 923 927 930 931 933 934 935 940 945 946 947 954 956 957 964 965 966 971 973 975 976 979 982 985 986 991 995 
Distance: 4048737.80
