Generaciones realizadas: 200
Generaciones realizadas: 200
Generaciones realizadas: 200
Generaciones realizadas: 200
Generaciones realizadas: 200
Generaciones realizadas: 200
Generaciones realizadas: 200
Generaciones realizadas: 200
Execution Time: 6.42 sec

Solution: 3 4 6 7 10 15 18 21 22 26 28 29 38 40 41 42 46 49 57 58 60 64 67 68 71 72 73 77 82 85 87 89 96 98 99 100 101 104 109 111 112 114 115 119 120 124 126 127 132 133 137 138 140 141 145 146 151 158 162 167 171 172 174 175 176 182 185 188 190 191 192 193 196 200 201 204 207 213 214 215 217 218 219 221 224 227 228 229 230 233 236 239 240 241 243 245 247 250 251 252 253 255 256 258 259 261 265 267 270 276 278 279 282 289 291 292 293 298 301 302 303 304 306 307 308 309 310 311 312 314 319 320 324 331 333 338 340 341 342 344 346 347 348 349 355 358 359 360 362 363 364 369 371 377 378 379 380 381 383 385 386 388 389 390 392 397 398 402 403 404 406 408 409 410 413 415 417 418 419 424 432 433 434 435 437 438 439 444 448 457 459 460 461 463 466 469 477 479 481 483 484 487 488 489 490 493 494 496 507 511 512 514 518 520 524 526 527 528 529 532 534 538 540 541 542 543 544 546 553 560 561 564 565 566 569 573 574 577 581 583 585 589 591 594 599 604 606 608 609 613 614 615 618 620 623 624 625 630 633 635 641 648 649 650 653 654 655 658 662 664 665 666 667 669 677 678 685 688 689 692 693 695 696 700 701 702 703 706 708 709 710 713 714 716 718 719 720 727 732 736 738 745 747 752 755 757 761 764 765 767 770 772 779 782 783 785 786 787 788 792 798 799 800 807 815 816 818 819 820 822 827 829 832 837 839 840 843 844 845 847 851 854 856 860 861 865 867 868 870 877 878 879 882 887 891 892 906 907 910 915 916 918 919 922 923 925 926 927 928 930 932 933 934 937 939 940 943 944 946 951 952 956 957 959 961 966 967 970 972 973 976 978 979 983 984 986 988 989 993 996 
Distance: 4050729.85
