Generaciones realizadas: 200
Generaciones realizadas: 200
Generaciones realizadas: 200
Generaciones realizadas: 200
Generaciones realizadas: 200
Generaciones realizadas: 200
Generaciones realizadas: 200
Execution Time: 6.25 sec

Generaciones realizadas: 200
Solution: 0 1 2 5 9 14 15 16 19 24 25 27 28 32 37 40 43 49 54 55 58 61 64 73 74 75 82 86 87 89 90 91 95 96 99 101 102 106 110 111 112 114 115 116 117 119 120 122 124 125 128 129 131 132 133 134 136 137 140 141 142 144 152 155 158 163 172 181 182 184 185 186 189 190 194 197 199 200 201 204 205 206 209 212 213 216 217 219 220 222 223 224 225 229 234 236 241 245 246 249 251 252 254 256 258 260 261 266 267 268 271 272 274 277 278 279 282 283 284 290 292 297 301 306 307 308 309 311 313 314 315 316 322 323 324 333 334 337 338 339 340 341 342 343 345 348 350 352 356 358 363 364 365 368 369 373 374 375 377 378 380 383 386 390 391 394 395 397 399 402 403 404 408 410 414 416 418 423 424 427 433 441 442 444 446 447 450 452 456 465 466 467 470 473 474 475 481 485 486 490 492 493 494 496 497 504 510 512 519 525 526 528 532 533 536 537 540 546 549 557 561 562 563 564 566 567 572 573 577 578 579 582 583 589 591 592 595 597 598 599 601 603 608 612 613 618 619 621 626 630 633 635 636 641 642 643 644 645 653 654 657 658 660 661 663 664 666 667 672 673 674 679 680 681 682 683 685 695 697 703 705 706 707 711 715 717 718 720 722 723 725 727 728 729 731 733 734 736 738 739 741 742 745 746 747 750 758 761 766 767 770 773 776 777 779 783 789 792 798 800 801 802 804 810 814 815 816 818 824 828 830 838 839 842 843 847 852 856 857 858 862 863 865 868 872 874 877 878 879 880 883 885 890 891 894 898 901 902 903 904 906 909 913 914 919 922 925 926 930 932 933 935 937 941 943 945 946 947 951 952 953 955 959 964 969 970 971 972 974 975 976 978 981 982 983 984 987 995 997 999 
Distance: 4048818.38
