Generaciones realizadas: 200
Generaciones realizadas: 200
Generaciones realizadas: 200
Generaciones realizadas: 200
Generaciones realizadas: 200
Generaciones realizadas: 200
Generaciones realizadas: 200
Generaciones realizadas: 200
Execution Time: 6.26 sec

Solution: 2 3 12 24 26 28 29 36 37 41 42 43 52 56 61 62 66 67 70 72 79 81 83 85 86 87 90 91 93 95 96 97 99 101 111 113 117 119 120 121 122 125 132 133 135 138 139 141 148 151 152 156 158 162 165 172 173 174 175 176 177 179 181 182 184 186 188 190 191 197 198 200 202 204 205 213 214 216 218 220 225 226 227 229 233 234 239 244 247 248 249 253 255 256 258 259 261 263 264 266 274 276 278 282 283 285 286 289 291 292 295 299 301 302 305 306 307 308 309 310 313 316 317 319 320 323 330 331 334 337 338 339 341 343 346 347 348 351 353 354 360 366 368 370 376 377 379 385 390 394 402 403 404 410 411 415 418 422 426 427 428 432 433 434 436 439 441 443 451 452 460 464 465 472 475 477 478 480 485 486 489 494 496 497 498 500 501 505 512 513 514 515 517 520 525 527 528 531 532 534 537 538 542 543 544 545 547 548 552 554 559 560 561 562 563 564 565 567 568 569 570 572 574 577 578 579 583 585 586 590 592 595 597 604 605 606 608 609 610 612 615 618 619 620 622 624 626 628 633 638 641 642 648 657 658 659 662 663 665 666 667 668 669 670 671 672 673 678 679 680 681 682 683 684 693 694 698 700 703 704 705 706 707 710 713 715 719 723 726 727 728 731 734 735 736 737 742 743 744 745 747 749 750 758 759 761 764 766 771 772 773 774 777 780 781 783 785 786 788 790 791 792 797 800 804 808 814 815 816 819 820 822 831 832 834 836 838 839 842 844 845 848 849 854 861 863 865 867 868 870 871 872 874 875 878 884 885 894 898 904 905 913 914 915 917 920 921 922 923 925 926 927 931 932 935 937 940 941 946 947 948 949 952 953 956 964 965 970 971 973 975 980 981 984 986 987 988 991 995 997 
Distance: 4053652.80
