Generaciones realizadas: 200
Generaciones realizadas: 200
Generaciones realizadas: 200
Generaciones realizadas: 200
Generaciones realizadas: 200
Generaciones realizadas: 200
Generaciones realizadas: 200
Generaciones realizadas: 200
Execution Time: 6.21 sec

Solution: 0 1 3 4 9 19 20 23 24 26 31 32 34 36 43 44 45 46 49 50 52 54 57 60 61 62 65 66 67 74 76 81 82 85 89 90 93 97 101 105 117 119 120 125 131 134 136 138 139 140 141 143 145 146 148 152 153 155 156 157 159 161 164 165 169 170 173 176 181 183 186 188 193 194 197 200 201 202 203 204 205 208 209 210 211 214 216 217 221 223 229 231 232 236 237 238 239 240 250 251 255 256 257 258 259 260 262 263 264 266 269 270 271 274 279 282 284 287 290 292 295 296 297 299 300 302 304 311 313 315 321 322 326 327 328 329 330 333 335 339 343 348 355 359 362 363 364 368 369 370 372 374 376 377 379 381 388 392 393 397 400 402 403 404 405 406 407 408 410 412 414 415 419 421 423 427 428 432 435 436 439 455 462 463 466 469 472 473 474 475 477 481 484 486 489 491 496 499 501 502 505 507 508 509 510 513 516 518 524 526 529 532 536 541 545 546 547 548 549 550 554 555 556 558 561 563 564 566 567 570 572 575 578 581 582 583 584 586 587 589 590 592 596 597 599 604 606 610 612 619 620 622 626 630 632 636 637 639 647 654 656 657 659 660 661 662 665 666 667 668 671 675 682 685 686 690 692 694 695 696 697 699 700 704 705 708 710 712 714 716 717 719 720 721 723 724 728 731 733 736 737 739 740 746 749 754 758 762 765 767 768 770 773 774 779 785 786 789 792 793 795 797 798 799 802 806 807 809 811 814 815 816 817 819 820 823 830 831 832 833 841 842 846 851 852 857 858 861 863 864 874 875 881 884 885 886 890 894 896 897 898 899 903 905 908 910 911 914 916 919 926 928 930 934 942 944 952 955 956 957 958 959 961 963 964 966 967 969 970 971 972 974 979 982 986 987 989 992 996 998 
Distance: 4047211.08
