Generaciones realizadas: 200
Generaciones realizadas: 200
Generaciones realizadas: 200
Generaciones realizadas: 200
Generaciones realizadas: 200
Generaciones realizadas: 200
Generaciones realizadas: 200
Generaciones realizadas: 200
Execution Time: 5.89 sec

Solution: 0 3 4 6 12 13 14 15 18 19 21 24 26 28 29 31 32 33 34 37 41 42 44 45 46 47 48 49 52 57 59 61 76 77 78 80 89 90 94 97 101 105 109 111 112 113 114 115 117 118 127 131 132 133 134 135 141 146 147 149 152 154 155 157 159 160 165 168 172 176 177 179 182 183 184 186 188 190 192 194 196 197 200 202 211 213 216 217 221 223 225 226 227 228 230 232 234 235 237 238 240 243 244 251 252 255 256 259 260 261 264 265 266 267 268 269 272 274 275 277 287 288 289 290 292 295 298 301 302 303 306 307 310 311 312 313 315 319 322 325 327 333 334 335 338 339 347 350 358 360 362 363 372 378 383 390 391 393 397 398 400 401 404 410 411 412 414 415 419 424 427 432 433 436 439 440 441 442 443 446 453 454 456 458 459 460 462 466 471 474 476 479 481 482 484 485 486 487 488 489 492 493 495 496 500 503 504 506 508 509 511 512 515 516 517 520 523 525 527 529 531 534 538 544 545 546 547 548 550 551 558 563 564 567 569 570 573 575 577 578 585 586 587 595 598 599 602 614 616 619 621 622 626 631 632 636 638 639 641 642 643 645 650 651 653 658 659 663 665 666 667 670 675 676 678 679 683 690 692 693 694 697 700 701 704 707 710 714 719 721 722 725 727 729 730 732 733 734 736 737 738 739 743 747 754 755 756 757 758 761 762 769 771 775 776 777 781 784 785 787 788 790 791 796 798 799 801 817 819 820 825 826 827 829 837 842 845 847 848 851 852 856 858 859 860 865 868 869 872 873 874 878 879 882 883 884 888 890 891 893 894 897 902 905 911 912 921 927 928 933 934 936 937 938 940 941 946 947 957 959 961 962 963 964 965 966 968 971 978 979 980 982 985 986 987 988 990 991 995 997 
Distance: 4047521.46
