Generaciones realizadas: 200
Generaciones realizadas: 200
Generaciones realizadas: 200
Generaciones realizadas: 200
Generaciones realizadas: 200
Generaciones realizadas: 200
Generaciones realizadas: 200
Generaciones realizadas: 200
Execution Time: 5.97 sec

Solution: 1 2 3 5 6 8 9 10 11 14 15 17 21 23 24 26 28 31 37 39 40 41 46 48 51 52 53 54 59 61 63 64 68 69 70 71 73 74 78 82 87 90 92 93 95 96 98 101 103 104 105 106 108 109 110 112 113 115 119 120 122 125 128 129 130 132 133 139 140 141 151 160 161 166 173 176 182 185 186 188 191 195 200 201 202 203 204 206 207 211 213 214 217 218 219 224 226 230 235 237 240 246 248 250 252 254 255 256 264 266 269 270 272 273 274 275 277 279 281 283 286 293 296 301 302 305 309 310 311 313 322 325 329 330 331 333 334 335 337 338 339 341 342 343 345 346 347 353 355 357 359 362 366 367 368 370 373 381 383 384 385 392 393 396 397 400 403 404 409 410 412 413 414 415 420 421 426 428 431 434 436 447 448 453 456 457 458 460 461 463 473 475 476 479 480 485 486 490 496 499 500 506 507 508 510 511 512 514 518 519 522 525 527 529 530 532 535 538 540 541 542 543 544 546 547 551 553 556 558 561 562 565 572 573 574 577 581 583 585 587 589 590 593 596 597 600 601 607 610 611 613 614 615 618 620 623 626 627 628 630 637 638 641 646 647 649 651 655 660 661 664 665 667 669 670 671 672 674 675 678 680 681 684 687 689 691 694 695 696 698 699 700 701 703 704 710 712 716 719 722 724 726 727 728 731 734 736 737 740 743 744 748 749 751 752 757 761 765 767 769 777 779 781 783 784 785 786 788 790 792 796 802 811 817 818 820 821 822 826 831 832 835 837 841 842 845 846 850 851 857 860 863 867 868 871 873 877 878 879 880 883 885 886 890 893 894 896 899 900 901 902 905 910 914 916 917 921 923 925 927 928 941 945 955 956 959 962 963 968 971 973 975 979 983 984 988 991 992 994 995 
Distance: 4048059.86
