Generaciones realizadas: 200
Generaciones realizadas: 200
Generaciones realizadas: 200
Generaciones realizadas: 200
Generaciones realizadas: 200
Generaciones realizadas: 200
Generaciones realizadas: 200
Generaciones realizadas: 200
Execution Time: 6.22 sec

Solution: 0 2 4 9 13 15 18 19 21 24 25 26 28 29 30 31 36 40 41 42 46 47 48 55 56 59 62 63 71 75 78 81 86 87 88 89 101 105 106 107 110 114 115 116 117 118 119 120 123 125 129 130 132 135 139 142 146 152 153 156 159 161 165 168 169 171 174 186 187 188 189 190 192 193 196 197 199 202 204 218 219 222 223 224 225 226 231 233 236 238 240 241 242 244 245 248 252 254 260 262 264 267 269 270 271 273 274 277 281 282 284 290 291 292 293 297 299 307 308 310 311 314 318 327 333 334 335 337 339 340 341 346 347 348 349 350 361 367 368 369 371 372 374 377 379 380 384 386 389 392 393 394 402 405 409 410 417 418 419 420 426 427 434 436 439 445 446 448 450 454 455 456 457 458 461 463 466 467 468 473 474 477 478 486 494 495 496 499 501 502 503 505 506 510 514 515 517 526 527 528 534 537 538 540 541 542 544 546 551 558 559 561 562 569 570 573 577 580 581 582 587 591 599 600 601 604 606 610 612 616 618 623 628 629 634 635 637 638 640 641 643 644 646 647 648 649 652 653 655 656 657 658 666 667 668 669 672 673 674 675 676 678 680 682 683 688 689 691 694 698 701 709 710 714 719 721 723 724 725 726 729 730 732 734 737 738 739 740 743 744 748 749 751 752 755 757 761 764 765 771 772 775 776 779 780 781 783 785 787 788 791 792 794 797 799 800 801 808 809 811 812 814 816 818 819 820 821 823 825 826 828 829 830 831 832 835 839 841 842 843 844 847 848 855 856 857 862 864 866 868 872 874 875 876 878 881 887 888 893 895 896 903 906 907 908 909 915 916 920 921 924 928 930 932 934 935 936 937 940 941 948 951 952 953 955 957 958 959 965 969 971 976 978 981 982 983 984 986 987 992 
Distance: 4045041.44
