Generaciones realizadas: 200
Generaciones realizadas: 200
Generaciones realizadas: 200
Generaciones realizadas: 200
Generaciones realizadas: 200
Generaciones realizadas: 200
Generaciones realizadas: 200
Generaciones realizadas: 200
Execution Time: 6.32 sec

Solution: 1 2 3 13 16 18 19 21 23 25 26 27 28 29 33 34 41 45 47 52 55 56 58 62 66 69 73 75 77 78 80 81 82 83 84 85 87 88 89 90 100 107 110 112 113 118 120 121 123 129 130 132 133 135 138 140 142 144 145 146 148 149 150 152 153 157 167 169 171 173 174 176 177 180 182 184 185 192 196 199 200 203 206 207 208 212 213 214 215 217 218 219 220 221 222 226 231 232 235 237 238 242 243 244 245 249 250 251 252 259 263 264 268 270 273 276 277 283 285 287 288 290 292 296 300 302 303 304 306 315 316 321 323 324 327 328 339 343 348 349 352 357 359 361 363 364 367 369 370 372 379 381 383 388 392 393 394 396 397 400 401 402 403 404 408 410 412 413 414 417 418 422 430 431 432 433 435 436 437 439 440 442 446 447 450 460 461 462 463 464 471 472 473 474 478 479 484 489 490 495 496 497 498 500 508 509 510 514 519 522 524 525 526 527 528 529 539 540 542 545 548 549 552 555 556 557 558 565 569 571 572 573 574 576 577 579 580 581 582 583 586 587 596 597 604 606 611 613 615 617 619 621 622 626 635 637 638 639 641 646 649 652 656 657 660 671 672 673 674 679 682 685 687 688 690 691 696 703 706 709 710 714 715 716 717 720 721 723 725 727 729 735 736 738 740 741 743 744 747 759 761 762 769 772 773 777 780 782 786 787 788 791 793 794 799 801 802 813 815 817 823 825 826 827 832 835 836 837 843 845 846 847 848 849 850 851 852 853 854 857 858 861 866 867 868 870 872 877 880 885 887 894 895 896 898 899 902 904 907 908 909 910 913 914 915 916 919 920 921 922 923 927 932 933 934 935 937 938 947 949 951 955 956 958 959 961 962 963 966 968 969 974 980 985 986 987 990 994 996 998 
Distance: 4043112.82
