Generaciones realizadas: 200
Generaciones realizadas: 200
Generaciones realizadas: 200
Generaciones realizadas: 200
Generaciones realizadas: 200
Generaciones realizadas: 200
Generaciones realizadas: 200
Generaciones realizadas: 200
Execution Time: 6.23 sec

Solution: 0 2 4 5 17 18 20 21 24 26 28 29 30 31 33 36 39 42 45 46 51 53 56 58 60 63 64 69 70 72 76 77 79 81 82 87 88 91 92 94 95 96 100 101 102 103 106 110 111 117 118 119 121 125 129 133 135 138 139 141 144 145 148 150 151 153 156 161 162 165 167 168 170 171 172 175 183 184 193 194 198 200 204 207 210 211 212 213 215 219 222 227 234 235 237 238 240 241 244 248 249 251 252 254 255 259 260 263 264 267 268 270 273 278 281 283 284 285 286 290 293 294 301 303 305 306 307 310 312 313 316 317 322 324 326 334 336 339 340 345 346 347 353 355 356 360 364 369 370 372 377 379 380 387 390 391 396 397 401 402 405 406 407 408 414 415 425 432 433 435 436 437 439 440 444 445 449 450 454 456 459 461 462 463 464 466 472 476 477 478 480 482 485 489 490 496 497 502 504 506 509 510 514 515 516 518 519 522 525 526 529 531 532 533 540 543 545 546 551 552 553 555 556 557 558 559 563 564 565 566 568 569 574 575 576 578 583 586 588 593 597 604 605 608 613 614 615 616 618 626 628 630 631 632 633 637 638 639 641 642 647 648 653 654 659 667 669 670 673 675 676 685 688 690 691 693 694 696 698 704 705 706 707 708 710 711 715 727 729 730 731 732 736 741 742 746 748 751 752 753 754 758 761 767 771 775 777 778 785 786 790 793 795 796 799 801 802 807 808 809 810 811 815 817 820 829 831 832 833 834 835 838 839 840 842 843 844 845 846 852 855 858 859 860 868 869 871 872 875 876 878 879 883 885 887 889 890 891 893 901 911 914 916 917 918 919 921 923 928 931 934 935 942 944 945 949 953 954 955 957 958 959 961 962 965 966 968 971 972 976 983 984 985 986 987 989 990 995 997 999 
Distance: 4051042.75
