Generaciones realizadas: 200
Generaciones realizadas: 200
Generaciones realizadas: 200
Generaciones realizadas: 200
Generaciones realizadas: 200
Generaciones realizadas: 200
Generaciones realizadas: 200
Generaciones realizadas: 200
Execution Time: 6.42 sec

Solution: 1 2 3 4 5 7 11 13 15 16 20 21 23 24 25 27 28 29 31 32 33 37 39 41 45 46 50 52 53 54 58 59 61 62 66 67 68 69 73 85 87 89 90 93 96 98 100 102 119 121 123 124 133 134 140 142 144 146 149 150 152 158 159 160 161 164 165 168 169 171 172 173 176 177 178 179 180 185 194 196 199 200 201 202 206 208 213 215 216 217 222 225 226 227 228 230 235 237 239 244 245 247 248 249 250 251 252 253 256 257 260 262 264 265 267 268 269 274 280 282 283 284 285 286 290 291 295 297 301 302 305 307 309 310 311 312 315 324 325 326 327 330 331 334 335 339 340 341 343 344 346 348 351 353 356 357 360 362 363 365 367 370 372 377 378 380 382 387 388 394 395 396 401 403 404 405 407 409 410 413 415 417 418 420 422 423 424 427 428 437 439 444 448 449 456 457 458 459 460 463 464 465 469 472 473 475 480 481 484 487 490 494 496 497 499 500 501 503 506 507 513 515 518 527 528 530 532 534 538 544 545 546 547 549 552 555 561 562 565 568 569 571 574 576 577 578 580 583 585 588 591 592 593 596 597 598 602 603 605 610 612 618 621 622 624 633 636 641 646 650 651 654 656 657 658 659 661 662 675 678 684 687 688 693 697 698 699 700 701 703 704 705 706 708 714 716 719 720 721 724 727 729 732 736 737 739 742 743 749 750 751 752 754 755 758 761 762 768 770 771 775 777 783 784 791 792 796 798 800 804 807 809 810 812 814 816 817 822 823 825 826 830 831 832 839 841 842 844 848 850 852 853 856 862 863 865 869 874 876 878 879 883 884 888 891 897 900 901 902 906 907 908 913 915 917 921 922 925 933 934 942 945 947 957 958 960 970 972 974 975 979 980 981 982 985 986 987 993 994 995 
Distance: 4049024.23
