Generaciones realizadas: 200
Generaciones realizadas: 200
Generaciones realizadas: 200
Generaciones realizadas: 200
Generaciones realizadas: 200
Generaciones realizadas: 200
Generaciones realizadas: 200
Generaciones realizadas: 200
Execution Time: 6.07 sec

Solution: 1 4 6 9 10 11 18 23 24 26 27 29 33 35 36 37 38 42 43 46 52 53 54 55 57 58 59 60 64 67 74 76 77 80 83 87 89 92 95 97 101 103 105 106 107 111 112 113 114 116 117 118 124 131 132 133 134 138 140 143 144 146 148 149 150 152 156 159 162 163 182 184 186 187 192 194 200 201 202 204 205 207 208 210 213 214 217 219 220 224 225 226 227 229 231 236 239 241 245 247 250 251 256 257 263 265 269 270 274 277 278 279 281 286 287 289 292 295 297 298 302 304 306 308 309 311 312 313 314 315 316 317 322 329 332 335 337 339 340 342 343 344 346 347 350 355 358 361 362 364 365 366 367 369 376 382 383 389 390 392 394 395 397 398 403 404 405 407 408 409 411 412 413 415 425 426 427 428 429 432 434 436 450 453 455 456 460 462 463 464 466 467 469 471 474 475 477 480 483 487 491 492 493 494 499 500 501 508 509 510 512 514 518 519 522 525 530 532 536 543 546 547 549 552 553 554 556 559 560 562 563 565 566 568 569 576 577 578 579 580 581 582 584 585 588 590 591 594 597 604 607 611 612 613 614 616 620 622 623 626 630 633 635 636 637 639 641 649 651 654 661 662 666 669 670 671 674 675 678 679 680 681 682 689 693 699 703 706 707 708 710 711 713 714 715 716 717 720 724 725 729 736 742 743 749 750 752 755 759 768 780 783 785 788 789 791 792 793 796 805 808 810 814 817 819 821 824 825 826 827 830 832 833 834 838 841 843 846 849 851 856 861 865 868 869 872 876 881 882 883 884 885 888 889 890 893 895 899 900 901 902 904 905 906 912 914 915 918 919 923 924 925 926 930 931 938 944 945 952 956 957 958 961 962 965 966 969 970 971 977 980 982 983 984 985 988 991 992 994 995 
Distance: 4051513.83
