Generaciones realizadas: 200
Generaciones realizadas: 200
Generaciones realizadas: 200
Generaciones realizadas: 200
Generaciones realizadas: 200
Generaciones realizadas: 200
Generaciones realizadas: 200
Generaciones realizadas: 200
Execution Time: 6.14 sec

Solution: 0 1 2 5 16 18 23 25 26 27 28 29 37 38 41 43 44 45 46 48 49 50 52 55 58 61 66 69 71 73 76 83 92 93 94 95 96 98 100 104 111 112 113 114 115 119 121 129 133 134 138 140 141 142 145 146 147 149 150 163 164 165 166 169 170 171 172 175 183 184 186 187 189 191 192 193 194 195 196 198 204 206 207 210 211 213 215 219 223 225 226 227 232 234 236 238 240 242 244 245 246 247 249 250 252 253 261 267 268 269 273 277 279 281 282 291 292 293 296 297 299 302 304 305 306 309 313 314 315 321 322 324 327 328 329 333 337 339 340 341 342 343 345 350 351 352 358 359 363 365 366 367 370 372 378 380 381 383 385 387 388 389 390 391 392 399 400 402 405 410 412 414 416 420 423 425 426 427 433 435 439 442 444 450 455 456 457 462 464 466 480 483 485 488 489 492 493 498 499 502 504 507 509 510 512 513 514 517 522 530 532 537 540 545 546 547 549 551 561 565 570 571 573 579 580 581 583 585 587 590 593 594 597 598 599 600 602 607 609 612 614 615 616 621 622 624 626 629 631 633 635 637 641 646 648 650 651 652 653 655 656 657 658 662 664 665 667 668 671 672 673 675 678 682 683 687 694 696 697 699 700 710 713 714 716 720 721 723 724 725 726 728 729 732 733 735 742 744 746 747 749 753 754 755 761 764 766 767 772 774 776 779 782 783 784 785 786 789 792 793 798 799 802 804 810 811 812 817 819 821 825 826 827 829 841 842 844 848 849 850 851 854 856 857 858 861 866 867 868 870 874 875 876 879 880 882 883 884 885 886 890 892 894 895 896 899 900 903 908 910 912 914 915 917 918 919 925 927 931 932 935 938 941 944 947 948 949 953 956 960 967 975 976 977 983 985 990 993 995 997 
Distance: 4047249.47
