Generaciones realizadas: 200
Generaciones realizadas: 200
Generaciones realizadas: 200
Generaciones realizadas: 200
Generaciones realizadas: 200
Generaciones realizadas: 200
Generaciones realizadas: 200
Generaciones realizadas: 200
Execution Time: 6.15 sec

Solution: 1 3 7 10 11 13 14 17 19 25 26 27 29 31 32 33 41 42 43 45 47 54 56 58 59 60 61 68 69 70 75 76 77 84 86 90 92 94 95 96 97 98 104 106 109 111 112 119 125 129 132 134 139 140 141 146 148 152 157 158 160 172 176 177 179 181 184 187 188 189 192 193 196 198 200 201 202 211 212 215 218 221 227 229 230 232 233 234 236 239 241 249 251 252 253 254 255 258 259 260 263 265 267 270 271 272 276 277 278 279 282 284 287 292 294 295 298 299 301 304 305 307 308 309 310 311 312 313 315 321 322 327 338 339 341 343 344 345 346 352 356 358 365 367 369 372 373 374 377 380 381 383 386 388 390 391 392 393 394 396 398 400 401 403 404 405 408 409 410 417 427 428 431 432 433 434 436 437 438 452 454 455 456 457 460 461 462 467 471 472 474 475 479 484 485 487 488 490 493 495 496 500 503 507 511 512 513 514 522 523 524 525 526 528 530 533 536 537 539 540 542 544 547 548 550 552 556 558 559 564 565 569 572 573 577 578 579 580 581 582 583 589 591 597 598 599 600 604 612 613 614 615 618 622 623 625 626 628 629 631 633 635 641 646 647 648 653 654 658 665 667 668 672 675 686 688 690 693 696 698 699 700 702 706 707 708 710 718 721 722 723 725 727 732 733 734 740 742 744 745 749 752 761 762 763 764 770 773 775 776 781 785 791 792 793 794 795 801 802 804 805 807 809 811 814 819 820 822 825 826 829 834 835 841 842 846 847 848 849 850 851 852 854 855 856 861 865 866 867 870 875 876 880 882 888 890 891 899 901 902 903 906 911 916 918 922 925 928 929 930 932 933 938 939 941 942 949 950 953 954 959 960 962 963 966 968 971 973 975 976 977 979 981 982 985 988 992 993 995 999 
Distance: 4049182.94
