Generaciones realizadas: 200
Generaciones realizadas: 200
Generaciones realizadas: 200
Generaciones realizadas: 200
Generaciones realizadas: 200
Generaciones realizadas: 200
Generaciones realizadas: 200
Generaciones realizadas: 200
Execution Time: 6.43 sec

Solution: 0 1 7 10 17 18 19 20 25 26 28 30 31 35 36 37 39 41 44 46 51 52 53 58 59 63 64 65 66 71 78 79 82 83 90 91 92 96 99 101 103 105 109 115 118 120 125 128 129 132 133 136 138 150 153 156 158 161 162 166 167 171 173 177 182 183 185 190 192 193 196 200 201 204 209 218 224 226 227 236 239 240 241 244 248 250 251 253 254 258 261 264 269 274 276 277 279 283 286 288 289 290 292 293 296 297 299 301 306 307 308 309 310 315 317 318 319 321 324 327 328 331 333 339 340 341 347 348 350 357 358 360 364 367 369 374 376 378 379 380 381 382 386 387 391 392 394 396 397 398 399 404 408 409 410 414 419 422 426 428 430 432 434 437 438 439 440 444 449 450 452 454 456 459 460 463 465 471 473 475 476 477 478 479 486 487 492 493 495 496 497 500 504 509 510 511 512 513 516 517 519 520 521 527 528 529 530 531 532 537 538 540 541 542 548 551 552 554 555 557 558 565 566 571 572 574 575 578 580 582 585 586 587 588 590 595 598 599 600 601 602 604 606 609 611 613 616 620 621 623 625 627 631 633 639 640 641 642 643 650 655 656 658 659 662 667 669 670 674 675 677 683 687 688 690 694 695 698 699 700 702 703 705 711 714 717 719 720 722 727 729 730 731 733 737 744 745 752 753 755 758 763 764 765 766 769 773 776 778 780 781 785 786 791 802 803 804 806 807 809 810 811 813 814 819 822 823 825 828 829 832 833 835 843 844 845 846 847 848 853 856 857 858 860 864 867 868 870 872 877 883 889 890 892 893 894 897 898 903 906 911 912 914 918 919 923 930 932 933 934 935 936 937 938 939 941 951 952 955 960 961 962 964 965 966 969 970 971 972 974 975 976 977 982 983 989 992 993 995 998 
Distance: 4048832.51
