Generaciones realizadas: 200
Generaciones realizadas: 200
Generaciones realizadas: 200
Generaciones realizadas: 200
Generaciones realizadas: 200
Generaciones realizadas: 200
Generaciones realizadas: 200
Generaciones realizadas: 200
Execution Time: 6.36 sec

Solution: 0 2 3 6 7 8 13 17 18 19 22 25 26 29 30 33 35 40 43 44 45 46 47 49 50 51 52 54 55 60 62 64 67 78 82 83 85 87 89 90 92 93 95 96 97 98 99 107 108 112 113 118 120 123 125 129 131 132 134 136 139 142 149 154 155 156 157 158 160 164 165 166 167 168 169 173 175 182 184 186 187 190 193 196 201 202 204 205 206 210 212 217 218 219 220 225 228 229 235 237 239 240 242 250 253 254 255 262 264 269 271 276 277 278 279 281 282 286 287 288 292 298 299 300 302 305 306 307 309 310 311 312 318 319 324 326 329 334 336 341 345 346 348 349 353 355 356 359 364 365 366 367 371 373 374 376 378 380 382 387 388 390 391 394 400 403 404 405 407 408 410 411 412 416 417 418 419 422 425 434 437 439 442 444 445 446 450 452 456 457 458 460 463 464 466 473 474 475 476 478 480 481 485 486 488 489 490 493 495 496 501 503 505 511 514 516 518 520 527 528 531 536 537 543 545 546 549 551 554 556 557 559 561 562 564 566 568 572 574 577 578 579 580 585 587 593 598 600 602 607 608 611 619 620 621 622 623 630 632 635 639 640 641 642 643 644 646 648 653 654 657 658 659 660 661 662 663 666 667 674 675 677 678 680 685 687 688 691 697 698 699 710 711 715 717 720 722 724 726 727 728 731 733 735 740 742 743 748 749 750 752 754 761 762 764 767 768 772 773 776 777 779 781 783 786 788 791 794 796 801 802 803 804 807 813 817 820 825 826 833 841 844 847 850 851 852 854 856 857 861 862 863 866 869 870 872 874 877 879 880 886 887 889 893 896 899 903 908 909 910 917 918 921 925 934 936 942 945 948 949 950 952 954 955 956 958 961 966 971 976 977 978 983 984 986 987 992 996 997 998 
Distance: 4047494.34
