Generaciones realizadas: 200
Generaciones realizadas: 200
Generaciones realizadas: 200
Generaciones realizadas: 200
Generaciones realizadas: 200
Generaciones realizadas: 200
Generaciones realizadas: 200
Generaciones realizadas: 200
Execution Time: 6.44 sec

Solution: 2 3 4 11 12 18 19 20 21 22 25 26 27 29 30 35 38 52 57 58 59 61 68 71 75 81 84 87 89 92 96 97 99 101 103 107 112 114 115 116 117 119 120 121 126 129 130 131 132 134 136 138 144 145 146 149 151 152 155 158 161 162 163 167 171 172 177 181 182 183 185 187 188 193 195 196 200 206 211 219 220 221 225 226 229 230 232 233 234 235 238 239 240 241 242 243 244 247 248 250 253 257 258 259 264 265 267 268 270 271 272 276 277 278 279 281 283 288 289 290 292 295 296 300 302 306 307 311 316 322 324 329 333 334 335 337 341 342 351 359 362 363 365 368 370 379 380 383 386 390 391 392 395 398 400 402 403 404 405 413 420 424 426 427 433 434 436 437 438 439 443 444 446 447 452 460 463 464 465 466 468 469 471 473 475 476 480 485 486 487 488 490 492 493 494 498 499 502 503 504 507 509 511 512 513 516 517 518 520 521 523 525 526 530 532 533 537 541 542 544 545 546 549 550 552 554 558 561 562 566 567 569 570 571 572 573 574 577 578 582 585 590 593 595 596 597 598 602 604 605 609 612 613 614 615 616 618 620 621 626 631 632 634 635 637 638 639 640 643 647 657 660 666 667 668 672 675 678 682 683 685 687 693 695 696 697 698 700 702 705 707 708 710 714 717 719 720 721 722 723 725 727 728 729 737 745 748 750 752 761 762 766 767 770 771 775 777 778 780 781 783 789 792 800 801 804 805 806 807 812 813 815 816 821 822 828 831 832 833 839 843 845 846 847 848 851 852 854 856 863 864 868 870 881 884 885 891 895 896 899 901 903 904 908 912 923 924 927 931 933 934 935 938 942 943 944 946 949 950 951 953 955 956 959 960 961 962 967 970 972 975 977 981 984 988 989 991 992 994 999 
Distance: 4049774.59
