Generaciones realizadas: 200
Generaciones realizadas: 200
Generaciones realizadas: 200
Generaciones realizadas: 200
Generaciones realizadas: 200
Generaciones realizadas: 200
Generaciones realizadas: 200
Generaciones realizadas: 200
Execution Time: 5.85 sec

Solution: 1 5 6 7 8 13 16 19 21 24 26 29 30 31 35 36 43 45 46 48 51 55 56 58 59 64 70 73 74 76 81 85 88 89 92 95 97 98 100 101 105 106 107 110 111 112 113 116 117 118 123 125 128 129 142 143 144 147 153 154 156 157 161 164 166 174 175 176 177 181 183 188 191 193 194 195 196 205 210 211 216 220 222 223 224 225 227 229 234 237 241 243 247 250 253 255 256 260 261 262 265 266 267 269 276 277 281 282 283 294 299 300 302 304 307 309 312 313 315 329 331 333 337 338 339 343 344 346 347 348 355 360 365 366 368 372 374 376 378 380 381 382 384 385 389 390 391 395 397 407 408 409 412 413 415 416 417 418 420 422 423 432 433 434 438 442 447 448 453 456 457 463 466 471 473 475 476 477 479 480 485 489 490 491 495 505 515 521 526 530 531 535 538 539 541 545 546 547 550 553 555 560 562 563 564 567 569 570 574 576 578 579 580 583 585 587 589 591 593 595 596 597 599 601 604 606 607 608 611 612 615 618 620 621 622 623 625 628 630 633 635 639 641 642 643 646 648 649 651 652 653 658 663 665 668 671 675 678 680 681 682 683 685 686 689 693 694 695 699 700 702 704 705 706 712 714 716 717 721 722 725 726 727 729 736 739 743 744 745 754 759 761 762 763 764 767 769 770 782 783 787 788 790 791 792 798 801 802 803 805 808 810 811 820 831 835 837 838 839 842 844 846 847 848 849 850 851 852 853 854 856 859 861 863 866 868 869 870 871 873 875 877 879 880 882 886 888 890 891 892 893 894 898 899 900 901 902 903 904 907 908 911 914 915 918 925 926 930 931 932 933 934 935 936 937 938 942 945 948 950 951 952 954 956 959 961 962 963 967 968 971 975 977 980 981 985 986 990 992 998 
Distance: 4045622.02
