Generaciones realizadas: 200
Generaciones realizadas: 200
Generaciones realizadas: 200
Generaciones realizadas: 200
Generaciones realizadas: 200
Generaciones realizadas: 200
Generaciones realizadas: 200
Generaciones realizadas: 200
Execution Time: 6.00 sec

Solution: 0 5 6 7 10 11 13 16 17 20 21 25 26 27 29 34 36 37 39 43 44 46 47 50 52 54 56 57 58 60 62 66 72 73 75 76 77 78 80 81 83 84 85 89 91 95 97 99 103 105 106 112 114 116 117 120 122 124 125 127 129 130 132 133 134 136 137 138 139 142 148 150 153 154 156 161 162 164 165 169 170 171 173 176 177 180 185 186 192 200 202 204 205 207 213 214 216 227 230 233 234 236 237 246 248 250 253 255 260 264 267 268 270 272 274 275 277 282 284 285 286 292 295 297 300 303 304 305 306 308 311 312 313 315 317 318 322 324 331 335 337 338 341 344 345 347 348 351 353 355 357 358 363 364 366 368 369 372 376 380 384 386 387 388 389 390 392 393 394 395 402 404 406 409 410 412 418 421 427 428 440 445 446 447 453 454 456 460 465 466 468 476 479 480 485 486 488 491 497 499 505 506 513 514 515 517 518 525 527 532 537 541 543 545 548 549 550 552 554 557 558 561 562 572 578 580 581 582 583 585 588 589 590 591 592 594 595 597 601 604 606 607 609 611 615 616 618 620 621 626 627 630 633 634 635 636 642 643 646 650 651 654 655 657 659 660 665 667 668 670 671 672 678 679 687 690 693 696 699 700 703 705 706 708 715 716 722 723 726 728 729 732 734 736 737 742 743 748 749 753 755 758 759 760 764 765 768 769 777 778 780 781 782 784 785 786 787 789 791 792 796 801 802 806 809 811 813 814 815 816 821 825 826 830 831 833 834 835 838 844 850 851 852 863 865 867 870 872 883 885 886 889 890 893 899 900 901 903 904 910 911 912 914 918 919 922 925 926 927 932 934 935 937 938 942 945 949 951 953 956 958 962 963 966 967 968 972 975 976 981 982 984 986 988 989 990 992 996 997 999 
Distance: 4049921.99
