Generaciones realizadas: 200
Generaciones realizadas: 200
Generaciones realizadas: 200
Generaciones realizadas: 200
Generaciones realizadas: 200
Generaciones realizadas: 200
Generaciones realizadas: 200
Generaciones realizadas: 200
Execution Time: 6.33 sec

Solution: 1 2 3 4 5 9 11 14 19 20 22 27 29 33 34 39 40 42 44 46 52 53 54 55 56 60 61 62 66 68 73 76 81 83 84 85 90 91 93 97 110 112 113 118 120 122 124 128 129 131 132 133 134 144 146 148 150 153 155 157 158 163 164 166 170 171 172 180 182 183 185 187 189 190 195 199 203 204 206 211 212 213 216 218 220 222 223 225 226 227 228 230 233 235 236 237 239 240 241 242 245 247 252 256 257 258 260 261 262 266 267 268 277 278 281 282 283 286 287 289 292 294 296 300 301 303 304 306 309 311 313 322 323 324 325 327 329 331 334 341 342 347 348 352 355 360 362 367 368 370 373 376 379 386 388 389 391 393 394 396 399 407 408 412 418 421 423 425 430 431 434 438 439 442 449 450 452 456 457 459 460 461 465 466 471 473 475 476 477 479 480 483 484 486 488 489 490 492 493 501 504 506 508 511 513 514 515 518 521 525 527 530 532 533 537 539 541 545 546 547 549 551 553 555 557 558 563 566 568 569 571 572 574 575 578 579 583 586 587 589 591 592 593 594 596 597 599 600 602 603 605 606 607 608 609 611 619 620 621 624 629 630 632 633 635 636 638 641 643 646 647 654 655 660 661 665 666 667 668 670 671 676 679 680 681 684 686 687 688 689 691 696 697 700 703 705 711 714 716 723 727 728 729 730 732 737 739 741 742 745 749 750 751 757 763 764 770 778 785 787 788 789 791 793 796 798 800 801 802 803 804 809 810 819 822 824 825 828 832 833 841 842 843 844 846 847 849 850 851 858 861 862 866 867 870 875 876 878 881 884 885 890 891 893 894 897 900 905 910 914 916 918 922 923 925 926 928 930 931 932 934 940 941 944 946 947 949 953 954 955 959 960 961 968 971 975 978 979 995 999 
Distance: 4046731.67
