Generaciones realizadas: 200
Generaciones realizadas: 200
Generaciones realizadas: 200
Generaciones realizadas: 200
Generaciones realizadas: 200
Generaciones realizadas: 200
Generaciones realizadas: 200
Generaciones realizadas: 200
Execution Time: 6.17 sec

Solution: 0 3 7 9 16 21 24 26 29 32 38 41 43 44 45 46 47 49 52 54 66 68 69 70 71 73 77 81 82 89 90 97 100 102 106 107 108 110 114 118 122 124 127 130 131 132 133 134 136 138 139 140 141 148 149 155 156 158 161 165 168 170 171 174 175 176 179 181 182 183 184 185 186 187 190 191 199 202 204 205 209 210 211 213 218 219 223 225 226 230 234 235 236 241 244 245 247 249 250 253 254 255 258 264 266 269 272 277 278 282 284 286 289 290 293 298 299 302 307 310 311 312 314 319 322 327 330 331 333 334 337 339 341 343 346 347 349 356 357 358 366 367 369 372 374 375 378 379 380 383 388 389 390 391 392 393 394 395 396 401 405 408 412 414 416 422 425 426 429 432 433 434 435 436 437 438 444 446 449 450 452 455 456 460 463 464 465 468 469 470 472 474 475 479 480 481 483 486 489 490 492 493 494 496 497 498 503 504 507 513 520 522 525 526 529 531 532 533 535 537 538 540 541 542 544 545 547 555 557 558 560 564 566 572 573 578 583 586 590 592 594 596 597 598 599 600 606 611 612 616 617 619 621 625 626 638 642 643 645 646 647 648 653 654 658 659 660 662 667 674 675 676 677 678 679 681 682 683 688 690 696 697 698 700 703 704 705 707 708 710 712 716 717 718 721 722 725 726 730 734 736 739 740 742 743 745 750 754 755 756 759 761 763 767 768 769 770 776 777 784 785 788 789 790 792 793 796 797 802 808 810 811 815 820 823 825 826 828 830 831 832 834 835 837 839 840 841 843 848 850 851 855 860 861 865 866 867 868 872 875 877 883 885 888 897 898 899 901 905 909 911 914 916 922 923 926 927 929 933 935 936 942 946 947 954 961 963 968 971 974 979 980 982 983 985 988 989 995 997 999 
Distance: 4049974.68
